idna_subject,checker_type,destination,tested_at
[adblock,AVAILABILITY,origin.list,2023-10-31 05:05:47.908773
2.0],AVAILABILITY,origin.list,2023-10-31 05:05:47.929980
!,AVAILABILITY,origin.list,2023-10-31 05:05:47.948897
/hads-,AVAILABILITY,origin.list,2023-10-31 05:05:47.968271
files:,AVAILABILITY,origin.list,2023-10-31 05:05:48.545959
14-12-2018,AVAILABILITY,origin.list,2023-10-31 05:05:48.583426
facebook!,AVAILABILITY,origin.list,2023-10-31 05:05:48.600631
modified:,AVAILABILITY,origin.list,2023-10-31 05:05:48.660156
2.8],AVAILABILITY,origin.list,2023-10-31 05:05:48.675491
lista:,AVAILABILITY,origin.list,2023-10-31 05:05:49.158914
version:,AVAILABILITY,origin.list,2023-10-31 05:05:49.271769
blog:,AVAILABILITY,origin.list,2023-10-31 05:05:49.320663
title:,AVAILABILITY,origin.list,2023-10-31 05:05:49.324565
homepage:,AVAILABILITY,origin.list,2023-10-31 05:05:49.379905
||atdmt.com^$third-party,AVAILABILITY,origin.list,2023-10-31 05:05:49.628231
@@||www.facebook.com/ads/$elemhide,AVAILABILITY,origin.list,2023-10-31 05:05:49.820339
fbcdn.net^,AVAILABILITY,origin.list,2023-10-31 05:05:49.874660
expires:,AVAILABILITY,origin.list,2023-10-31 05:05:49.897603
||fbcdn.net^*/flyers/$domain=facebook.com,AVAILABILITY,origin.list,2023-10-31 05:05:49.941458
nfa:,AVAILABILITY,origin.list,2023-10-31 05:05:50.102347
home:,AVAILABILITY,origin.list,2023-10-31 05:05:50.347312
"@@||www.facebook.com/ajax/ads/$xmlhttprequest,domain=www.facebook.com",AVAILABILITY,origin.list,2023-10-31 05:05:50.517032
nofacebookads,AVAILABILITY,origin.list,2023-10-31 05:05:50.550138
30,AVAILABILITY,origin.list,2023-10-31 05:05:50.594922
201812140827,AVAILABILITY,origin.list,2023-10-31 05:05:50.670554
x,AVAILABILITY,origin.list,2023-10-31 05:05:50.870178
spazzatura,AVAILABILITY,origin.list,2023-10-31 05:05:51.139028
last,AVAILABILITY,origin.list,2023-10-31 05:05:51.191733
rimuovi,AVAILABILITY,origin.list,2023-10-31 05:05:51.282993
da,AVAILABILITY,origin.list,2023-10-31 05:05:51.289354
days,AVAILABILITY,origin.list,2023-10-31 05:05:51.431598
"m.facebook.com,touch.facebook.com",AVAILABILITY,origin.list,2023-10-31 05:05:51.711236
